Gen: 1
1210.0
1222.0
1110.0
1147.0

Gen: 2
1243.0
1265.0
1155.0
1055.0

Gen: 3
1298.0
1315.0
1230.0
1055.0

Gen: 4
1353.0
1365.0
1305.0
1055.0

Gen: 5
1408.0
1415.0
1380.0
1055.0

Gen: 6
1463.0
1465.0
1455.0
1055.0

Gen: 7
1485.0
1485.0
1485.0
NaN

Gen: 8
1485.0
1485.0
1485.0
NaN

Gen: 9
1485.0
1485.0
1485.0
NaN

Gen: 10
1485.0
1485.0
1485.0
NaN

Gen: 11
1485.0
1485.0
NaN
NaN

Gen: 12
1485.0
1485.0
NaN
NaN

Gen: 13
1485.0
1485.0
NaN
NaN

Gen: 14
1485.0
1485.0
NaN
NaN

Gen: 15
1485.0
1485.0
NaN
NaN

Gen: 16
NaN
1485.0
NaN
NaN

Gen: 17
NaN
1485.0
NaN
NaN

Gen: 18
NaN
1485.0
NaN
NaN

Gen: 19
NaN
1485.0
NaN
NaN

Gen: 20
NaN
1485.0
NaN
NaN

