Gen: 1
50
0
24
25

Gen: 2
54
0
20
25

Gen: 3
58
0
15
25

Gen: 4
63
0
15
20

Gen: 5
67
0
15
16

Gen: 6
72
0
15
11

Gen: 7
76
0
15
7

Gen: 8
81
0
15
2

Gen: 9
85
0
14
0

Gen: 10
90
0
9
0

Gen: 11
94
0
5
0

Gen: 12
99
0
0
0

Gen: 13
100
0
0
0

Gen: 14
100
0
0
0

Gen: 15
100
0
0
0

Gen: 16
100
0
0
0

Gen: 17
100
0
0
0

Gen: 18
100
0
0
0

Gen: 19
100
0
0
0

Gen: 20
100
0
0
0

Gen: 1
33
0
33
33

Gen: 2
33
0
29
37

Gen: 3
33
0
25
41

Gen: 4
33
0
21
45

Gen: 5
33
0
17
49

Gen: 6
33
0
13
53

Gen: 7
37
0
9
53

Gen: 8
41
0
5
53

Gen: 9
45
0
1
53

Gen: 10
49
0
0
50

Gen: 11
53
0
0
46

Gen: 12
57
0
0
42

Gen: 13
61
0
0
38

Gen: 14
65
0
0
34

Gen: 15
69
0
0
30

Gen: 16
73
0
0
26

Gen: 17
77
0
0
22

Gen: 18
81
0
0
18

Gen: 19
85
0
0
14

Gen: 20
89
0
0
10

