Gen: 1
33
0
33
33

Gen: 2
33
0
29
37

Gen: 3
33
0
25
41

Gen: 4
33
0
21
45

Gen: 5
33
0
17
49

Gen: 6
33
0
13
53

Gen: 7
37
0
9
53

Gen: 8
41
0
5
53

Gen: 9
45
0
1
53

Gen: 10
49
0
0
50

Gen: 11
53
0
0
46

Gen: 12
57
0
0
42

Gen: 13
61
0
0
38

Gen: 14
65
0
0
34

Gen: 15
69
0
0
30

Gen: 16
73
0
0
26

Gen: 17
77
0
0
22

Gen: 18
81
0
0
18

Gen: 19
85
0
0
14

Gen: 20
89
0
0
10

Gen: 1
25
25
25
25

Gen: 2
25
35
18
22

Gen: 3
25
45
18
12

Gen: 4
25
55
18
2

Gen: 5
25
65
10
0

Gen: 6
25
75
0
0

Gen: 7
15
85
0
0

Gen: 8
5
95
0
0

Gen: 9
0
100
0
0

Gen: 10
0
100
0
0

Gen: 11
0
100
0
0

Gen: 12
0
100
0
0

Gen: 13
0
100
0
0

Gen: 14
0
100
0
0

Gen: 15
0
100
0
0

Gen: 16
0
100
0
0

Gen: 17
0
100
0
0

Gen: 18
0
100
0
0

Gen: 19
0
100
0
0

Gen: 20
0
100
0
0

Gen: 1
25
25
25
25

Gen: 2
25
30
23
22

Gen: 3
25
35
23
17

Gen: 4
25
40
23
12

Gen: 5
25
45
23
7

Gen: 6
25
50
23
2

Gen: 7
25
55
20
0

Gen: 8
25
60
15
0

Gen: 9
25
65
10
0

Gen: 10
25
70
5
0

Gen: 11
25
75
0
0

Gen: 12
20
80
0
0

Gen: 13
15
85
0
0

Gen: 14
10
90
0
0

Gen: 15
5
95
0
0

Gen: 16
0
100
0
0

Gen: 17
0
100
0
0

Gen: 18
0
100
0
0

Gen: 19
0
100
0
0

Gen: 20
0
100
0
0

Gen: 1
25
25
25
25

Gen: 2
25
30
23
22

Gen: 3
25
35
23
17

Gen: 4
25
40
23
12

Gen: 5
25
45
23
7

Gen: 6
25
50
23
2

Gen: 7
25
55
20
0

Gen: 8
25
60
15
0

Gen: 9
25
65
10
0

Gen: 10
25
70
5
0

Gen: 11
25
75
0
0

Gen: 12
20
80
0
0

Gen: 13
15
85
0
0

Gen: 14
10
90
0
0

Gen: 15
5
95
0
0

Gen: 16
0
100
0
0

Gen: 17
0
100
0
0

Gen: 18
0
100
0
0

Gen: 19
0
100
0
0

Gen: 20
0
100
0
0

Gen: 1
25
25
25
25

Gen: 2
25
35
18
22

Gen: 3
25
45
18
12

Gen: 4
25
55
18
2

Gen: 5
25
65
10
0

Gen: 6
25
75
0
0

Gen: 7
15
85
0
0

Gen: 8
5
95
0
0

Gen: 9
0
100
0
0

Gen: 10
0
100
0
0

Gen: 11
0
100
0
0

Gen: 12
0
100
0
0

Gen: 13
0
100
0
0

Gen: 14
0
100
0
0

Gen: 15
0
100
0
0

Gen: 16
0
100
0
0

Gen: 17
0
100
0
0

Gen: 18
0
100
0
0

Gen: 19
0
100
0
0

Gen: 20
0
100
0
0

Gen: 1
25
25
25
25

Gen: 2
25
40
13
22

Gen: 3
25
55
13
7

Gen: 4
25
70
5
0

Gen: 5
15
85
0
0

Gen: 6
0
100
0
0

Gen: 7
0
100
0
0

Gen: 8
0
100
0
0

Gen: 9
0
100
0
0

Gen: 10
0
100
0
0

Gen: 11
0
100
0
0

Gen: 12
0
100
0
0

Gen: 13
0
100
0
0

Gen: 14
0
100
0
0

Gen: 15
0
100
0
0

Gen: 16
0
100
0
0

Gen: 17
0
100
0
0

Gen: 18
0
100
0
0

Gen: 19
0
100
0
0

Gen: 20
0
100
0
0

