Gen: 1
51
24
24
0

Gen: 2
53
22
24
0

Gen: 3
55
20
24
0

Gen: 4
57
18
24
0

Gen: 5
60
15
24
0

Gen: 6
62
13
24
0

Gen: 7
64
11
24
0

Gen: 8
66
9
24
0

Gen: 9
69
6
24
0

Gen: 10
71
4
24
0

Gen: 11
73
2
24
0

Gen: 12
75
0
24
0

Gen: 13
79
0
20
0

Gen: 14
84
0
15
0

Gen: 15
88
0
11
0

Gen: 16
93
0
6
0

Gen: 17
97
0
2
0

Gen: 18
100
0
0
0

Gen: 19
100
0
0
0

Gen: 20
100
0
0
0

Gen: 1
51
24
24
0

Gen: 2
53
22
24
0

Gen: 3
55
20
24
0

Gen: 4
57
18
24
0

Gen: 5
60
15
24
0

Gen: 6
62
13
24
0

Gen: 7
64
11
24
0

Gen: 8
66
9
24
0

Gen: 9
69
6
24
0

Gen: 10
71
4
24
0

Gen: 11
73
2
24
0

Gen: 12
75
0
24
0

Gen: 13
79
0
20
0

Gen: 14
84
0
15
0

Gen: 15
88
0
11
0

Gen: 16
93
0
6
0

Gen: 17
97
0
2
0

Gen: 18
100
0
0
0

Gen: 19
100
0
0
0

Gen: 20
100
0
0
0

Gen: 1
0
24
24
51

Gen: 2
0
24
19
55

Gen: 3
0
24
15
60

Gen: 4
0
24
10
64

Gen: 5
0
24
6
69

Gen: 6
0
29
1
69

Gen: 7
0
33
0
66

Gen: 8
0
38
0
61

Gen: 9
0
42
0
57

Gen: 10
0
47
0
52

Gen: 11
0
51
0
48

Gen: 12
0
56
0
43

Gen: 13
0
60
0
39

Gen: 14
0
65
0
34

Gen: 15
0
69
0
30

Gen: 16
0
74
0
25

Gen: 17
0
78
0
21

Gen: 18
0
83
0
16

Gen: 19
0
87
0
12

Gen: 20
0
92
0
7

