Gen: 1
25
25
25
25

Gen: 2
26
49
3
22

Gen: 3
26
74
0
0

Gen: 4
1
99
0
0

Gen: 5
0
100
0
0

Gen: 6
0
100
0
0

Gen: 7
0
100
0
0

Gen: 8
0
100
0
0

Gen: 9
0
100
0
0

Gen: 10
0
100
0
0

Gen: 11
0
100
0
0

Gen: 12
0
100
0
0

Gen: 13
0
100
0
0

Gen: 14
0
100
0
0

Gen: 15
0
100
0
0

Gen: 16
0
100
0
0

Gen: 17
0
100
0
0

Gen: 18
0
100
0
0

Gen: 19
0
100
0
0

Gen: 20
0
100
0
0

Gen: 1
25
25
25
25

Gen: 2
26
49
3
22

Gen: 3
26
74
0
0

Gen: 4
1
99
0
0

Gen: 5
0
100
0
0

Gen: 6
0
100
0
0

Gen: 7
0
100
0
0

Gen: 8
0
100
0
0

Gen: 9
0
100
0
0

Gen: 10
0
100
0
0

Gen: 11
0
100
0
0

Gen: 12
0
100
0
0

Gen: 13
0
100
0
0

Gen: 14
0
100
0
0

Gen: 15
0
100
0
0

Gen: 16
0
100
0
0

Gen: 17
0
100
0
0

Gen: 18
0
100
0
0

Gen: 19
0
100
0
0

Gen: 20
0
100
0
0

