Gen: 1
98
0
0
0

Gen: 2
100
0
0
0

Gen: 3
100
0
0
0

Gen: 4
100
0
0
0

Gen: 5
100
0
0
0

Gen: 6
100
0
0
0

Gen: 7
100
0
0
0

Gen: 8
100
0
0
0

Gen: 9
100
0
0
0

Gen: 10
100
0
0
0

Gen: 11
100
0
0
0

Gen: 12
100
0
0
0

Gen: 13
100
0
0
0

Gen: 14
100
0
0
0

Gen: 15
100
0
0
0

Gen: 16
100
0
0
0

Gen: 17
100
0
0
0

Gen: 18
100
0
0
0

Gen: 19
100
0
0
0

Gen: 20
100
0
0
0

Gen: 1
75
24
0
0

Gen: 2
77
22
0
0

Gen: 3
79
20
0
0

Gen: 4
81
18
0
0

Gen: 5
84
15
0
0

Gen: 6
86
13
0
0

Gen: 7
88
11
0
0

Gen: 8
90
9
0
0

Gen: 9
93
6
0
0

Gen: 10
95
4
0
0

Gen: 11
97
2
0
0

Gen: 12
100
0
0
0

Gen: 13
100
0
0
0

Gen: 14
100
0
0
0

Gen: 15
100
0
0
0

Gen: 16
100
0
0
0

Gen: 17
100
0
0
0

Gen: 18
100
0
0
0

Gen: 19
100
0
0
0

Gen: 20
100
0
0
0

Gen: 1
51
24
24
0

Gen: 2
53
22
24
0

Gen: 3
55
20
24
0

Gen: 4
57
18
24
0

Gen: 5
60
15
24
0

Gen: 6
62
13
24
0

Gen: 7
64
11
24
0

Gen: 8
66
9
24
0

Gen: 9
69
6
24
0

Gen: 10
71
4
24
0

Gen: 11
73
2
24
0

Gen: 12
75
0
24
0

Gen: 13
79
0
20
0

Gen: 14
84
0
15
0

Gen: 15
88
0
11
0

Gen: 16
93
0
6
0

Gen: 17
97
0
2
0

Gen: 18
100
0
0
0

Gen: 19
100
0
0
0

Gen: 20
100
0
0
0

