Gen: 1
148500
1500
1500
0

Gen: 2
151500
0
0
0

Gen: 3
151500
0
0
0

Gen: 4
151500
0
0
0

Gen: 5
151500
0
0
0

Gen: 6
151500
0
0
0

Gen: 7
151500
0
0
0

Gen: 8
151500
0
0
0

Gen: 9
151500
0
0
0

Gen: 10
151500
0
0
0

Gen: 11
151500
0
0
0

Gen: 12
151500
0
0
0

Gen: 13
151500
0
0
0

Gen: 14
151500
0
0
0

Gen: 15
151500
0
0
0

Gen: 16
151500
0
0
0

Gen: 17
151500
0
0
0

Gen: 18
151500
0
0
0

Gen: 19
151500
0
0
0

Gen: 20
151500
0
0
0

Gen: 1
198000
65340
0
0

Gen: 2
203940
59400
0
0

Gen: 3
209880
53460
0
0

Gen: 4
215820
47520
0
0

Gen: 5
221760
41580
0
0

Gen: 6
227700
35640
0
0

Gen: 7
233640
29700
0
0

Gen: 8
239580
23760
0
0

Gen: 9
245520
17820
0
0

Gen: 10
251460
11880
0
0

Gen: 11
257400
5940
0
0

Gen: 12
263340
0
0
0

Gen: 13
263340
0
0
0

Gen: 14
263340
0
0
0

Gen: 15
263340
0
0
0

Gen: 16
263340
0
0
0

Gen: 17
263340
0
0
0

Gen: 18
263340
0
0
0

Gen: 19
263340
0
0
0

Gen: 20
263340
0
0
0

Gen: 1
134640
65340
63360
0

Gen: 2
140580
59400
63360
0

Gen: 3
146520
53460
63360
0

Gen: 4
152460
47520
63360
0

Gen: 5
158400
41580
63360
0

Gen: 6
164340
35640
63360
0

Gen: 7
170280
29700
63360
0

Gen: 8
176220
23760
63360
0

Gen: 9
182160
17820
63360
0

Gen: 10
188100
11880
63360
0

Gen: 11
194040
5940
63360
0

Gen: 12
199980
0
63360
0

Gen: 13
209880
0
53460
0

Gen: 14
221760
0
41580
0

Gen: 15
233640
0
29700
0

Gen: 16
245520
0
17820
0

Gen: 17
257400
0
5940
0

Gen: 18
263340
0
0
0

Gen: 19
263340
0
0
0

Gen: 20
263340
0
0
0

