Gen: 1
108607
0
49005
54162

Gen: 2
118333
0
40095
50898

Gen: 3
128059
0
31185
47634

Gen: 4
143395
0
33075
39900

Gen: 5
159523
0
34965
31878

Gen: 6
176443
0
36855
23568

Gen: 7
194155
0
38745
14970

Gen: 8
212659
0
40635
6084

Gen: 9
229425
0
37905
0

Gen: 10
241395
0
25935
0

Gen: 11
253365
0
13965
0

Gen: 12
265335
0
1995
0

Gen: 13
267330
0
0
0

Gen: 14
267330
0
0
0

Gen: 15
267330
0
0
0

Gen: 16
267330
0
0
0

Gen: 17
267330
0
0
0

Gen: 18
267330
0
0
0

Gen: 19
267330
0
0
0

Gen: 20
267330
0
0
0

Gen: 1
36531
0
32175
42306

Gen: 2
35079
0
26535
44474

Gen: 3
33627
0
21375
46002

Gen: 4
32175
0
16695
46890

Gen: 5
30723
0
12495
47138

Gen: 6
29271
0
8775
46746

Gen: 7
32819
0
6075
43354

Gen: 8
36367
0
3375
39962

Gen: 9
39915
0
675
36570

Gen: 10
45080
0
0
34300

Gen: 11
51092
0
0
32292

Gen: 12
57456
0
0
30156

Gen: 13
64172
0
0
27892

Gen: 14
71240
0
0
25500

Gen: 15
78660
0
0
22980

Gen: 16
86432
0
0
20332

Gen: 17
94556
0
0
17556

Gen: 18
103032
0
0
14652

Gen: 19
111860
0
0
11620

Gen: 20
121040
0
0
8460

