Gen: 1
134640
65340
63360
0

Gen: 2
140580
59400
63360
0

Gen: 3
146520
53460
63360
0

Gen: 4
152460
47520
63360
0

Gen: 5
158400
41580
63360
0

Gen: 6
164340
35640
63360
0

Gen: 7
170280
29700
63360
0

Gen: 8
176220
23760
63360
0

Gen: 9
182160
17820
63360
0

Gen: 10
188100
11880
63360
0

Gen: 11
194040
5940
63360
0

Gen: 12
199980
0
63360
0

Gen: 13
209880
0
53460
0

Gen: 14
221760
0
41580
0

Gen: 15
233640
0
29700
0

Gen: 16
245520
0
17820
0

Gen: 17
257400
0
5940
0

Gen: 18
263340
0
0
0

Gen: 19
263340
0
0
0

Gen: 20
263340
0
0
0

Gen: 1
134640
65340
63360
0

Gen: 2
140580
59400
63360
0

Gen: 3
146520
53460
63360
0

Gen: 4
152460
47520
63360
0

Gen: 5
158400
41580
63360
0

Gen: 6
164340
35640
63360
0

Gen: 7
170280
29700
63360
0

Gen: 8
176220
23760
63360
0

Gen: 9
182160
17820
63360
0

Gen: 10
188100
11880
63360
0

Gen: 11
194040
5940
63360
0

Gen: 12
199980
0
63360
0

Gen: 13
209880
0
53460
0

Gen: 14
221760
0
41580
0

Gen: 15
233640
0
29700
0

Gen: 16
245520
0
17820
0

Gen: 17
257400
0
5940
0

Gen: 18
263340
0
0
0

Gen: 19
263340
0
0
0

Gen: 20
263340
0
0
0

Gen: 1
0
41184
30720
95264

Gen: 2
0
38478
22620
97088

Gen: 3
0
36300
15600
95360

Gen: 4
0
34122
9660
92192

Gen: 5
0
31944
4800
87584

Gen: 6
0
41340
1200
64400

Gen: 7
0
49500
0
58080

Gen: 8
0
59160
0
54120

Gen: 9
0
69540
0
50160

Gen: 10
0
80640
0
46200

Gen: 11
0
92460
0
42240

Gen: 12
0
105000
0
38280

Gen: 13
0
118260
0
34320

Gen: 14
0
132240
0
30360

Gen: 15
0
146940
0
26400

Gen: 16
0
162360
0
22440

Gen: 17
0
178500
0
18480

Gen: 18
0
195360
0
14520

Gen: 19
0
212940
0
10560

Gen: 20
0
231240
0
6600

