Gen: 1
36531
0
32175
42306

Gen: 2
35079
0
26535
44474

Gen: 3
33627
0
21375
46002

Gen: 4
32175
0
16695
46890

Gen: 5
30723
0
12495
47138

Gen: 6
29271
0
8775
46746

Gen: 7
32819
0
6075
43354

Gen: 8
36367
0
3375
39962

Gen: 9
39915
0
675
36570

Gen: 10
45080
0
0
34300

Gen: 11
51092
0
0
32292

Gen: 12
57456
0
0
30156

Gen: 13
64172
0
0
27892

Gen: 14
71240
0
0
25500

Gen: 15
78660
0
0
22980

Gen: 16
86432
0
0
20332

Gen: 17
94556
0
0
17556

Gen: 18
103032
0
0
14652

Gen: 19
111860
0
0
11620

Gen: 20
121040
0
0
8460

Gen: 1
30250
30550
27750
28675

Gen: 2
31075
44275
20790
21010

Gen: 3
33825
61425
23490
11460

Gen: 4
36575
80575
26190
1910

Gen: 5
37125
96525
14850
0

Gen: 6
37125
111375
0
0

Gen: 7
22275
126225
0
0

Gen: 8
7425
141075
0
0

Gen: 9
0
148500
0
0

Gen: 10
0
148500
0
0

Gen: 11
0
148500
0
0

Gen: 12
0
148500
0
0

Gen: 13
0
148500
0
0

Gen: 14
0
148500
0
0

Gen: 15
0
148500
0
0

Gen: 16
0
148500
0
0

Gen: 17
0
148500
0
0

Gen: 18
0
148500
0
0

Gen: 19
0
148500
0
0

Gen: 20
0
148500
0
0

Gen: 1
30250
30550
27750
28675

Gen: 2
31075
37950
26565
23210

Gen: 3
32450
46025
28290
17935

Gen: 4
33825
54600
30015
12660

Gen: 5
35200
63675
31740
7385

Gen: 6
36575
73250
33465
2110

Gen: 7
37125
81675
29700
0

Gen: 8
37125
89100
22275
0

Gen: 9
37125
96525
14850
0

Gen: 10
37125
103950
7425
0

Gen: 11
37125
111375
0
0

Gen: 12
29700
118800
0
0

Gen: 13
22275
126225
0
0

Gen: 14
14850
133650
0
0

Gen: 15
7425
141075
0
0

Gen: 16
0
148500
0
0

Gen: 17
0
148500
0
0

Gen: 18
0
148500
0
0

Gen: 19
0
148500
0
0

Gen: 20
0
148500
0
0

Gen: 1
30250
30550
27750
28675

Gen: 2
31075
37950
26565
23210

Gen: 3
32450
46025
28290
17935

Gen: 4
33825
54600
30015
12660

Gen: 5
35200
63675
31740
7385

Gen: 6
36575
73250
33465
2110

Gen: 7
37125
81675
29700
0

Gen: 8
37125
89100
22275
0

Gen: 9
37125
96525
14850
0

Gen: 10
37125
103950
7425
0

Gen: 11
37125
111375
0
0

Gen: 12
29700
118800
0
0

Gen: 13
22275
126225
0
0

Gen: 14
14850
133650
0
0

Gen: 15
7425
141075
0
0

Gen: 16
0
148500
0
0

Gen: 17
0
148500
0
0

Gen: 18
0
148500
0
0

Gen: 19
0
148500
0
0

Gen: 20
0
148500
0
0

Gen: 1
30250
30550
27750
28675

Gen: 2
31075
44275
20790
21010

Gen: 3
33825
61425
23490
11460

Gen: 4
36575
80575
26190
1910

Gen: 5
37125
96525
14850
0

Gen: 6
37125
111375
0
0

Gen: 7
22275
126225
0
0

Gen: 8
7425
141075
0
0

Gen: 9
0
148500
0
0

Gen: 10
0
148500
0
0

Gen: 11
0
148500
0
0

Gen: 12
0
148500
0
0

Gen: 13
0
148500
0
0

Gen: 14
0
148500
0
0

Gen: 15
0
148500
0
0

Gen: 16
0
148500
0
0

Gen: 17
0
148500
0
0

Gen: 18
0
148500
0
0

Gen: 19
0
148500
0
0

Gen: 20
0
148500
0
0

Gen: 1
30250
30550
27750
28675

Gen: 2
31075
50600
15015
18810

Gen: 3
35200
77825
17940
5985

Gen: 4
37125
103950
7425
0

Gen: 5
22275
126225
0
0

Gen: 6
0
148500
0
0

Gen: 7
0
148500
0
0

Gen: 8
0
148500
0
0

Gen: 9
0
148500
0
0

Gen: 10
0
148500
0
0

Gen: 11
0
148500
0
0

Gen: 12
0
148500
0
0

Gen: 13
0
148500
0
0

Gen: 14
0
148500
0
0

Gen: 15
0
148500
0
0

Gen: 16
0
148500
0
0

Gen: 17
0
148500
0
0

Gen: 18
0
148500
0
0

Gen: 19
0
148500
0
0

Gen: 20
0
148500
0
0

