Gen: 1
30250
30550
27750
28675

Gen: 2
31075
37950
26565
23210

Gen: 3
32450
46025
28290
17935

Gen: 4
33825
54600
30015
12660

Gen: 5
35200
63675
31740
7385

Gen: 6
36575
73250
33465
2110

Gen: 7
37125
81675
29700
0

Gen: 8
37125
89100
22275
0

Gen: 9
37125
96525
14850
0

Gen: 10
37125
103950
7425
0

Gen: 11
37125
111375
0
0

Gen: 12
29700
118800
0
0

Gen: 13
22275
126225
0
0

Gen: 14
14850
133650
0
0

Gen: 15
7425
141075
0
0

Gen: 16
0
148500
0
0

Gen: 17
0
148500
0
0

Gen: 18
0
148500
0
0

Gen: 19
0
148500
0
0

Gen: 20
0
148500
0
0

