Gen: 1
30250
30550
27750
28675

Gen: 2
32318
61985
3465
14498

Gen: 3
38610
109890
0
0

Gen: 4
1485
147015
0
0

Gen: 5
0
148500
0
0

Gen: 6
0
148500
0
0

Gen: 7
0
148500
0
0

Gen: 8
0
148500
0
0

Gen: 9
0
148500
0
0

Gen: 10
0
148500
0
0

Gen: 11
0
148500
0
0

Gen: 12
0
148500
0
0

Gen: 13
0
148500
0
0

Gen: 14
0
148500
0
0

Gen: 15
0
148500
0
0

Gen: 16
0
148500
0
0

Gen: 17
0
148500
0
0

Gen: 18
0
148500
0
0

Gen: 19
0
148500
0
0

Gen: 20
0
148500
0
0

Gen: 1
30250
30550
27750
28675

Gen: 2
32318
61985
3465
14498

Gen: 3
38610
109890
0
0

Gen: 4
1485
147015
0
0

Gen: 5
0
148500
0
0

Gen: 6
0
148500
0
0

Gen: 7
0
148500
0
0

Gen: 8
0
148500
0
0

Gen: 9
0
148500
0
0

Gen: 10
0
148500
0
0

Gen: 11
0
148500
0
0

Gen: 12
0
148500
0
0

Gen: 13
0
148500
0
0

Gen: 14
0
148500
0
0

Gen: 15
0
148500
0
0

Gen: 16
0
148500
0
0

Gen: 17
0
148500
0
0

Gen: 18
0
148500
0
0

Gen: 19
0
148500
0
0

Gen: 20
0
148500
0
0

